100, 0, 1, 00, 0, 0
100, 0, 1, 00, 0, 2
37553, 12.8369, 2, 1, 1, 0
282, 7.95174, 3, 1, 1, 0
100, 0, 1, 00, 0, 1
28670, 12.5585, 2, 1, 1, 0
100, 0, 1, 00, 0, 4
1501, 9.59047, 2, 1, 1, 0
100150, 14.3118, 3, 1, 1, 0
62, 6.42706, 4, 1, 1, 0
1, 3.29844, 5, 1, 1, 0
100, 0, 1, 00, 0, 1
23574, 12.3608, 2, 1, 1, 0
100, 0, 1, 00, 0, 0
100, 0, 1, 00, 0, 0
100, 0, 1, 00, 0, 2
5381, 10.8824, 2, 1, 1, 0
3, 4.04396, 3, 1, 1, 0
100, 0, 1, 00, 0, 0
100, 0, 1, 00, 0, 0
100, 0, 1, 00, 0, 1
52480, 13.1667, 2, 1, 1, 0
100, 0, 1, 00, 0, 1
60, 6.41672, 2, 1, 1, 0
100, 0, 1, 00, 0, 1
332, 7.99264, 2, 1, 1, 0
100, 0, 1, 00, 0, 0
100, 0, 1, 00, 0, 1
25475, 12.4431, 2, 1, 1, 0
100, 0, 1, 00, 0, 1
10, 4.1991, 2, 1, 1, 0
100, 0, 1, 00, 0, 1
3795, 10.5336, 2, 1, 1, 0
100, 0, 1, 00, 0, 1
46, 6.31066, 2, 1, 1, 0
100, 0, 1, 00, 0, 1
357, 8.20276, 2, 1, 1, 0
100, 0, 1, 00, 0, 1
1, 3.07989, 2, 1, 1, 0
100, 0, 1, 00, 0, 2
39058, 12.8683, 2, 1, 1, 0
945, 9.13693, 3, 1, 1, 0
100, 0, 1, 00, 0, 0
100, 0, 1, 00, 0, 1
740, 8.8647, 2, 1, 1, 0
100, 0, 1, 00, 0, 2
10, 4.55709, 2, 1, 1, 0
117, 7.04295, 3, 1, 1, 0
100, 0, 1, 00, 0, 1
21, 5.38486, 2, 1, 1, 0
100, 0, 1, 00, 0, 2
45, 6.18578, 2, 1, 1, 0
48, 6.08286, 3, 1, 1, 0
100, 0, 1, 00, 0, 0
100, 0, 1, 00, 0, 2
4, 3.64506, 2, 1, 1, 0
5, 3.56353, 3, 1, 1, 0
100, 0, 1, 00, 0, 2
3413, 10.4001, 2, 1, 1, 0
9, 4.2946, 3, 1, 1, 0
100, 0, 1, 00, 0, 1
5, 3.9229, 2, 1, 1, 0
100, 0, 1, 00, 0, 0
100, 0, 1, 00, 0, 2
3314, 10.4066, 2, 1, 1, 0
5942, 10.9791, 3, 1, 1, 0
100, 0, 1, 00, 0, 0
100, 0, 1, 00, 0, 1
14, 5.13065, 2, 1, 1, 0
100, 0, 1, 00, 0, 3
474, 8.41969, 2, 1, 1, 0
1711, 9.74424, 3, 1, 1, 0
114, 6.88216, 4, 1, 1, 0
100, 0, 1, 00, 0, 2
9233, 11.4384, 2, 1, 1, 0
2, 2.09688, 3, 1, 1, 0
100, 0, 1, 00, 0, 0
100, 0, 1, 00, 0, 3
44, 5.94624, 2, 1, 1, 0
7, 4.67083, 3, 1, 1, 0
973, 9.23904, 4, 1, 1, 0
100, 0, 1, 00, 0, 0
100, 0, 1, 00, 0, 3
100112, 14.5152, 2, 1, 1, 0
697, 8.96046, 3, 1, 1, 0
43, 5.96368, 4, 1, 1, 0
100, 0, 1, 00, 0, 0
100, 0, 1, 00, 0, 1
46, 6.31576, 2, 1, 1, 0
100, 0, 1, 00, 0, 2
12, 4.60714, 2, 1, 1, 0
1, 1.61809, 3, 1, 1, 0
100, 0, 1, 00, 0, 0
100, 0, 1, 00, 0, 2
2, 2.53487, 2, 1, 1, 0
2, 3.00568, 3, 1, 1, 0
100, 0, 1, 00, 0, 1
99871, 14.7893, 2, 1, 1, 0
100, 0, 1, 00, 0, 0
100, 0, 1, 00, 0, 1
56600, 13.2461, 2, 1, 1, 0
100, 0, 1, 00, 0, 1
14, 4.54091, 2, 1, 1, 0
100, 0, 1, 00, 0, 3
178, 7.47947, 2, 1, 1, 0
83, 6.62994, 3, 1, 1, 0
97360, 13.7792, 4, 1, 1, 0
100, 0, 1, 00, 0, 4
2, 2.21561, 2, 1, 1, 0
10, 5.0322, 3, 1, 1, 0
7526, 11.2289, 4, 1, 1, 0
32, 5.69626, 5, 1, 1, 0
100, 0, 1, 00, 0, 2
70, 6.57839, 2, 1, 1, 0
3, 2.39578, 3, 1, 1, 0
100, 0, 1, 00, 0, 0
100, 0, 1, 00, 0, 0
100, 0, 1, 00, 0, 0
100, 0, 1, 00, 0, 2
1, 0.699623, 2, 1, 1, 0
16, 4.89599, 3, 1, 1, 0
100, 0, 1, 00, 0, 2
99703, 14.3082, 2, 1, 1, 0
781, 8.93872, 3, 1, 1, 0
100, 0, 1, 00, 0, 2
1, 3.19873, 2, 1, 1, 0
10317, 11.531, 3, 1, 1, 0
100, 0, 1, 00, 0, 3
34370, 12.7323, 2, 1, 1, 0
11001, 11.605, 3, 1, 1, 0
57, 6.23202, 4, 1, 1, 0
100, 0, 1, 00, 0, 0
100, 0, 1, 00, 0, 2
27, 5.4924, 2, 1, 1, 0
1574, 9.6508, 3, 1, 1, 0
100, 0, 1, 00, 0, 2
22731, 12.3231, 2, 1, 1, 0
4718, 10.7699, 3, 1, 1, 0
100, 0, 1, 00, 0, 2
1, 1.44987, 2, 1, 1, 0
32589, 12.6867, 3, 1, 1, 0
100, 0, 1, 00, 0, 3
4, 3.01372, 2, 1, 1, 0
44285, 12.9895, 3, 1, 1, 0
3, 4.02744, 4, 1, 1, 0
100, 0, 1, 00, 0, 4
1, 3.47087, 2, 1, 1, 0
5671, 10.9481, 3, 1, 1, 0
34, 5.74128, 4, 1, 1, 0
60844, 13.3059, 5, 1, 1, 0
100, 0, 1, 00, 0, 2
27, 5.28201, 2, 1, 1, 0
5255, 10.871, 3, 1, 1, 0
100, 0, 1, 00, 0, 0
100, 0, 1, 00, 0, 3
1422, 9.54118, 2, 1, 1, 0
141, 7.2241, 3, 1, 1, 0
1160, 9.31702, 4, 1, 1, 0
100, 0, 1, 00, 0, 2
52, 6.14455, 2, 1, 1, 0
100289, 13.9373, 3, 1, 1, 0
100, 0, 1, 00, 0, 2
10181, 11.5248, 2, 1, 1, 0
1, 0.15785, 3, 1, 1, 0
100, 0, 1, 00, 0, 1
5330, 10.8858, 2, 1, 1, 0
100, 0, 1, 00, 0, 0
100, 0, 1, 00, 0, 1
2651, 10.1972, 2, 1, 1, 0
100, 0, 1, 00, 0, 2
10, 4.48431, 2, 1, 1, 0
5, 3.95064, 3, 1, 1, 0
100, 0, 1, 00, 0, 0
100, 0, 1, 00, 0, 0
100, 0, 1, 00, 0, 2
100116, 14.7485, 2, 1, 1, 0
1550, 9.6297, 3, 1, 1, 0
100, 0, 1, 00, 0, 0
100, 0, 1, 00, 0, 1
9375, 11.437, 2, 1, 1, 0
100, 0, 1, 00, 0, 1
77721, 13.5594, 2, 1, 1, 0
100, 0, 1, 00, 0, 0
100, 0, 1, 00, 0, 4
14, 4.87807, 2, 1, 1, 0
91232, 13.7179, 3, 1, 1, 0
100031, 14.5181, 4, 1, 1, 0
143, 7.32263, 5, 1, 1, 0
100, 0, 1, 00, 0, 0
100, 0, 1, 00, 0, 1
4, 4.0867, 2, 1, 1, 0
100, 0, 1, 00, 0, 2
5651, 10.9176, 2, 1, 1, 0
1111, 9.32525, 3, 1, 1, 0
100, 0, 1, 00, 0, 1
56753, 13.2419, 2, 1, 1, 0
100, 0, 1, 00, 0, 2
11, 4.73597, 2, 1, 1, 0
4657, 10.7726, 3, 1, 1, 0
100, 0, 1, 00, 0, 2
20, 4.91892, 2, 1, 1, 0
246, 7.75981, 3, 1, 1, 0
100, 0, 1, 00, 0, 2
1, 2.55732, 2, 1, 1, 0
9873, 11.5007, 3, 1, 1, 0
100, 0, 1, 00, 0, 1
4, 3.08491, 2, 1, 1, 0
100, 0, 1, 00, 0, 2
21173, 12.2595, 2, 1, 1, 0
427, 8.4611, 3, 1, 1, 0
100, 0, 1, 00, 0, 1
2, 2.81287, 2, 1, 1, 0
100, 0, 1, 00, 0, 0
100, 0, 1, 00, 0, 1
41167, 12.9255, 2, 1, 1, 0
100, 0, 1, 00, 0, 1
124, 7.03162, 2, 1, 1, 0
100, 0, 1, 00, 0, 1
3553, 10.4979, 2, 1, 1, 0
100, 0, 1, 00, 0, 3
3504, 10.4705, 2, 1, 1, 0
42, 6.00155, 3, 1, 1, 0
2, 3.52557, 4, 1, 1, 0
100, 0, 1, 00, 0, 2
99937, 14.8828, 2, 1, 1, 0
99927, 14.0045, 3, 1, 1, 0
100, 0, 1, 00, 0, 1
181, 7.47414, 2, 1, 1, 0
100, 0, 1, 00, 0, 3
1138, 9.287, 2, 1, 1, 0
100068, 14.7589, 3, 1, 1, 0
30587, 12.6162, 4, 1, 1, 0
