0.0, 0.000499975, 0.000499975, 0.000499975
0.1, 0.0011604, 0.001160404, 0.001160404 
0.2, 0.00317925, 0.002660503, 0.003179247
0.3, 0.00986833, 0.003439971, 0.009868332
0.4, 0.0331997, 0.003823023, 0.03319968
0.5, 0.115233, 0.004061032, 0.1152328
0.6, 0.373138, 0.004218736, 0.3731381
0.7, 0.891762, 0.004329879, 0.8917624
0.8, 1.40282, 0.004410262, 1.402823
0.9, 1.80251, 0.004477507, 1.802509
1.0, 2.12226, 0.004527264, 2.122258
1.1, 2.38387, 0.004572742, 2.383871
1.2, 2.60188, 0.004604845, 2.601882
1.3, 2.78635, 0.004635756, 2.786353
1.4, 2.94447, 0.004671392, 2.94447
1.5, 3.08151, 0.004686322, 3.081506
1.6, 3.20141, 0.004701695, 3.201412
1.7, 3.30721, 0.004718775, 3.307211
1.8, 3.40125, 0.004737763, 3.401255
1.9, 3.4854, 0.004758883, 3.485399
2.0, 3.56113, 0.004767744, 3.561129

b:
1e-1, 5, 5
1e-2, 5, 5
1e-3, 4.99999, 4.999999
1e-4, 4.92687, 4.926872
1e-5, 4.39236, 4.392359
1e-6, 3.65402, 3.654023
1e-7, 2.88949, 2.889487
1e-8, 2.12226, 2.122258
1e-9, 1.35474, 1.354743
1e-10, 0.515155, 0.5147656