100, 0, 1, 00, 0, 0
100, 0, 1, 00, 0, 1
35, 5.77837, 2, 1, 1, 0
100, 0, 1, 00, 0, 0
100, 0, 1, 00, 0, 0
100, 0, 1, 00, 0, 0
100, 0, 1, 00, 0, 0
100, 0, 1, 00, 0, 0
100, 0, 1, 00, 0, 1
100063, 14.7328, 2, 1, 1, 0
100, 0, 1, 00, 0, 0
100, 0, 1, 00, 0, 0
100, 0, 1, 00, 0, 1
99145, 14.2992, 2, 1, 1, 0
100, 0, 1, 00, 0, 0
100, 0, 1, 00, 0, 1
1337, 9.50055, 2, 1, 1, 0
100, 0, 1, 00, 0, 1
2666, 10.1731, 2, 1, 1, 0
100, 0, 1, 00, 0, 1
558, 8.62567, 2, 1, 1, 0
100, 0, 1, 00, 0, 1
1, 2.17953, 2, 1, 1, 0
100, 0, 1, 00, 0, 0
100, 0, 1, 00, 0, 1
11, 4.90432, 2, 1, 1, 0
100, 0, 1, 00, 0, 1
2646, 10.1749, 2, 1, 1, 0
100, 0, 1, 00, 0, 0
100, 0, 1, 00, 0, 1
99950, 14.3666, 2, 1, 1, 0
100, 0, 1, 00, 0, 1
2919, 10.3012, 2, 1, 1, 0
100, 0, 1, 00, 0, 0
100, 0, 1, 00, 0, 0
100, 0, 1, 00, 0, 0
100, 0, 1, 00, 0, 1
73, 6.59718, 2, 1, 1, 0
100, 0, 1, 00, 0, 0
100, 0, 1, 00, 0, 1
2, 4.27705, 2, 1, 1, 0
100, 0, 1, 00, 0, 0
100, 0, 1, 00, 0, 0
100, 0, 1, 00, 0, 0
100, 0, 1, 00, 0, 0
100, 0, 1, 00, 0, 1
653, 8.79454, 2, 1, 1, 0
100, 0, 1, 00, 0, 2
25965, 12.46, 2, 1, 1, 0
5275, 10.8772, 3, 1, 1, 0
100, 0, 1, 00, 0, 0
100, 0, 1, 00, 0, 1
896, 9.14037, 2, 1, 1, 0
100, 0, 1, 00, 0, 2
137, 7.1073, 2, 1, 1, 0
343, 8.26916, 3, 1, 1, 0
100, 0, 1, 00, 0, 2
2, 2.87387, 2, 1, 1, 0
2, 3.3682, 3, 1, 1, 0
100, 0, 1, 00, 0, 2
2460, 10.1003, 2, 1, 1, 0
6, 3.06359, 3, 1, 1, 0
100, 0, 1, 00, 0, 2
10, 4.32758, 2, 1, 1, 0
12, 4.88698, 3, 1, 1, 0
100, 0, 1, 00, 0, 1
1, 1.93261, 2, 1, 1, 0
100, 0, 1, 00, 0, 0
100, 0, 1, 00, 0, 0
100, 0, 1, 00, 0, 1
55013, 13.2155, 2, 1, 1, 0
100, 0, 1, 00, 0, 1
5, 3.25155, 2, 1, 1, 0
100, 0, 1, 00, 0, 2
13041, 11.7757, 2, 1, 1, 0
23093, 12.3556, 3, 1, 1, 0
100, 0, 1, 00, 0, 0
100, 0, 1, 00, 0, 0
100, 0, 1, 00, 0, 0
100, 0, 1, 00, 0, 0
100, 0, 1, 00, 0, 1
18868, 12.1503, 2, 1, 1, 0
100, 0, 1, 00, 0, 0
100, 0, 1, 00, 0, 0
100, 0, 1, 00, 0, 0
100, 0, 1, 00, 0, 0
100, 0, 1, 00, 0, 1
2, 2.16874, 2, 1, 1, 0
100, 0, 1, 00, 0, 0
100, 0, 1, 00, 0, 1
94, 7.02779, 2, 1, 1, 0
100, 0, 1, 00, 0, 1
56, 6.33208, 2, 1, 1, 0
100, 0, 1, 00, 0, 0
100, 0, 1, 00, 0, 1
54, 6.10628, 2, 1, 1, 0
100, 0, 1, 00, 0, 2
7, 4.216, 2, 1, 1, 0
1465, 9.58415, 3, 1, 1, 0
100, 0, 1, 00, 0, 1
3103, 10.3313, 2, 1, 1, 0
100, 0, 1, 00, 0, 0
100, 0, 1, 00, 0, 0
100, 0, 1, 00, 0, 0
100, 0, 1, 00, 0, 2
10, 4.63877, 2, 1, 1, 0
43, 6.00035, 3, 1, 1, 0
100, 0, 1, 00, 0, 1
99986, 14.731, 2, 1, 1, 0
100, 0, 1, 00, 0, 1
58, 6.58018, 2, 1, 1, 0
100, 0, 1, 00, 0, 0
100, 0, 1, 00, 0, 3
9, 4.3744, 2, 1, 1, 0
33543, 12.7199, 3, 1, 1, 0
43, 6.19392, 4, 1, 1, 0
100, 0, 1, 00, 0, 0
100, 0, 1, 00, 0, 2
325, 8.08449, 2, 1, 1, 0
26, 5.51168, 3, 1, 1, 0
100, 0, 1, 00, 0, 2
100057, 13.853, 2, 1, 1, 0
3, 3.21712, 3, 1, 1, 0
100, 0, 1, 00, 0, 2
1, 1.00268, 2, 1, 1, 0
1001, 9.19485, 3, 1, 1, 0
100, 0, 1, 00, 0, 2
22, 5.58216, 2, 1, 1, 0
3, 2.62606, 3, 1, 1, 0
100, 0, 1, 00, 0, 4
17, 5.02422, 2, 1, 1, 0
73, 6.65918, 3, 1, 1, 0
1, 3.07551, 4, 1, 1, 0
1, 2.62379, 5, 1, 1, 0
100, 0, 1, 00, 0, 0
100, 0, 1, 00, 0, 0
100, 0, 1, 00, 0, 0
100, 0, 1, 00, 0, 1
2, 3.61192, 2, 1, 1, 0
100, 0, 1, 00, 0, 0
100, 0, 1, 00, 0, 0
100, 0, 1, 00, 0, 0
100, 0, 1, 00, 0, 1
67218, 13.4145, 2, 1, 1, 0
100, 0, 1, 00, 0, 0
100, 0, 1, 00, 0, 2
872, 9.06228, 2, 1, 1, 0
63, 6.45405, 3, 1, 1, 0
100, 0, 1, 00, 0, 0
100, 0, 1, 00, 0, 1
25, 5.72924, 2, 1, 1, 0
100, 0, 1, 00, 0, 1
21, 5.13471, 2, 1, 1, 0
100, 0, 1, 00, 0, 0
100, 0, 1, 00, 0, 0
100, 0, 1, 00, 0, 0
100, 0, 1, 00, 0, 1
2, 2.57443, 2, 1, 1, 0
100, 0, 1, 00, 0, 2
191, 7.42486, 2, 1, 1, 0
2, 3.1075, 3, 1, 1, 0
100, 0, 1, 00, 0, 2
3835, 10.5515, 2, 1, 1, 0
1769, 9.78659, 3, 1, 1, 0
100, 0, 1, 00, 0, 2
4, 4.1148, 2, 1, 1, 0
59, 6.373, 3, 1, 1, 0
100, 0, 1, 00, 0, 2
6, 4.06165, 2, 1, 1, 0
15970, 11.987, 3, 1, 1, 0
100, 0, 1, 00, 0, 0
100, 0, 1, 00, 0, 1
1733, 9.7371, 2, 1, 1, 0
