100, 0, 1, 00, 0, 3
6, 3.82809, 2, 1, 1, 0
7055, 11.1574, 3, 1, 1, 0
4, 2.93074, 4, 1, 1, 0
100, 0, 1, 00, 0, 0
100, 0, 1, 00, 0, 1
4, 3.56935, 2, 1, 1, 0
100, 0, 1, 00, 0, 3
6714, 11.0957, 2, 1, 1, 0
12, 4.43531, 3, 1, 1, 0
100447, 14.1789, 4, 1, 1, 0
100, 0, 1, 00, 0, 3
9004, 11.3884, 2, 1, 1, 0
3988, 10.5725, 3, 1, 1, 0
9, 4.61314, 4, 1, 1, 0
100, 0, 1, 00, 0, 5
20, 5.64984, 2, 1, 1, 0
11, 4.39734, 3, 1, 1, 0
1872, 9.84674, 4, 1, 1, 0
3061, 10.3213, 5, 1, 1, 0
139, 7.15265, 6, 1, 1, 0
100, 0, 1, 00, 0, 3
1190, 9.43699, 2, 1, 1, 0
1, 2.35369, 3, 1, 1, 0
64877, 13.3821, 4, 1, 1, 0
100, 0, 1, 00, 0, 0
100, 0, 1, 00, 0, 1
100411, 14.1914, 2, 1, 1, 0
100, 0, 1, 00, 0, 2
27, 5.44681, 2, 1, 1, 0
1540, 9.60638, 3, 1, 1, 0
100, 0, 1, 00, 0, 2
22, 5.61854, 2, 1, 1, 0
2092, 9.938, 3, 1, 1, 0
100, 0, 1, 00, 0, 3
62, 6.4829, 2, 1, 1, 0
24117, 12.3839, 3, 1, 1, 0
7369, 11.2136, 4, 1, 1, 0
100, 0, 1, 00, 0, 4
35923, 12.7885, 2, 1, 1, 0
56, 6.51939, 3, 1, 1, 0
100048, 14.6179, 4, 1, 1, 0
3, 4.25664, 5, 1, 1, 0
100, 0, 1, 00, 0, 3
38670, 12.8631, 2, 1, 1, 0
100146, 14.9121, 3, 1, 1, 0
811, 9.00844, 4, 1, 1, 0
100, 0, 1, 00, 0, 2
9, 4.53888, 2, 1, 1, 0
100321, 14.4454, 3, 1, 1, 0
100, 0, 1, 00, 0, 2
3012, 10.3091, 2, 1, 1, 0
13202, 11.7815, 3, 1, 1, 0
100, 0, 1, 00, 0, 0
100, 0, 1, 00, 0, 0
100, 0, 1, 00, 0, 0
100, 0, 1, 00, 0, 1
25, 5.6014, 2, 1, 1, 0
100, 0, 1, 00, 0, 4
3977, 10.5975, 2, 1, 1, 0
3, 3.09169, 3, 1, 1, 0
38099, 12.8463, 4, 1, 1, 0
1, 1.92126, 5, 1, 1, 0
100, 0, 1, 00, 0, 2
9392, 11.44, 2, 1, 1, 0
70, 6.24497, 3, 1, 1, 0
100, 0, 1, 00, 0, 2
4085, 10.5937, 2, 1, 1, 0
51, 6.31097, 3, 1, 1, 0
100, 0, 1, 00, 0, 0
100, 0, 1, 00, 0, 3
38791, 12.8592, 2, 1, 1, 0
32, 5.91075, 3, 1, 1, 0
64858, 13.379, 4, 1, 1, 0
100, 0, 1, 00, 0, 0
100, 0, 1, 00, 0, 4
2, 2.12759, 2, 1, 1, 0
99610, 14.3743, 3, 1, 1, 0
26, 5.61553, 4, 1, 1, 0
3, 3.60204, 5, 1, 1, 0
100, 0, 1, 00, 0, 3
5018, 10.8256, 2, 1, 1, 0
2, 2.42113, 3, 1, 1, 0
212, 7.73628, 4, 1, 1, 0
100, 0, 1, 00, 0, 0
100, 0, 1, 00, 0, 3
1, 2.03004, 2, 1, 1, 0
11, 5.04221, 3, 1, 1, 0
39, 5.60756, 4, 1, 1, 0
100, 0, 1, 00, 0, 3
21863, 12.29, 2, 1, 1, 0
48, 6.25916, 3, 1, 1, 0
72, 6.54044, 4, 1, 1, 0
100, 0, 1, 00, 0, 2
25265, 12.4368, 2, 1, 1, 0
249, 7.74704, 3, 1, 1, 0
100, 0, 1, 00, 0, 1
86, 6.77055, 2, 1, 1, 0
100, 0, 1, 00, 0, 1
11900, 11.6777, 2, 1, 1, 0
100, 0, 1, 00, 0, 2
891, 9.01815, 2, 1, 1, 0
71, 6.60311, 3, 1, 1, 0
100, 0, 1, 00, 0, 4
36, 5.69812, 2, 1, 1, 0
7869, 11.2681, 3, 1, 1, 0
99712, 14.1008, 4, 1, 1, 0
3, 3.59976, 5, 1, 1, 0
100, 0, 1, 00, 0, 2
11, 4.44399, 2, 1, 1, 0
99305, 14.5365, 3, 1, 1, 0
100, 0, 1, 00, 0, 5
2671, 10.2124, 2, 1, 1, 0
10, 4.55608, 3, 1, 1, 0
803, 9.00703, 4, 1, 1, 0
4, 4.41347, 5, 1, 1, 0
4956, 10.8105, 6, 1, 1, 0
100, 0, 1, 00, 0, 1
100431, 14.0408, 2, 1, 1, 0
100, 0, 1, 00, 0, 1
2, 2.70884, 2, 1, 1, 0
100, 0, 1, 00, 0, 1
23274, 12.3544, 2, 1, 1, 0
100, 0, 1, 00, 0, 3
19666, 12.18, 2, 1, 1, 0
450, 8.39559, 3, 1, 1, 0
1, 0.991566, 4, 1, 1, 0
100, 0, 1, 00, 0, 4
31640, 12.6594, 2, 1, 1, 0
81, 6.84101, 3, 1, 1, 0
1, 0.189282, 4, 1, 1, 0
99, 6.76529, 5, 1, 1, 0
100, 0, 1, 00, 0, 3
418, 8.33316, 2, 1, 1, 0
1, 3.18536, 3, 1, 1, 0
449, 8.41409, 4, 1, 1, 0
100, 0, 1, 00, 0, 0
100, 0, 1, 00, 0, 2
14, 5.18294, 2, 1, 1, 0
45313, 13.0172, 3, 1, 1, 0
100, 0, 1, 00, 0, 0
100, 0, 1, 00, 0, 0
100, 0, 1, 00, 0, 1
2, 2.18259, 2, 1, 1, 0
100, 0, 1, 00, 0, 2
529, 8.58242, 2, 1, 1, 0
31, 6.11833, 3, 1, 1, 0
100, 0, 1, 00, 0, 1
75049, 13.5251, 2, 1, 1, 0
100, 0, 1, 00, 0, 3
12002, 11.6968, 2, 1, 1, 0
4, 3.2449, 3, 1, 1, 0
22168, 12.3128, 4, 1, 1, 0
100, 0, 1, 00, 0, 2
394, 8.24939, 2, 1, 1, 0
946, 9.12995, 3, 1, 1, 0
100, 0, 1, 00, 0, 1
62824, 13.3392, 2, 1, 1, 0
100, 0, 1, 00, 0, 1
4257, 10.6476, 2, 1, 1, 0
100, 0, 1, 00, 0, 1
317, 8.06737, 2, 1, 1, 0
100, 0, 1, 00, 0, 0
100, 0, 1, 00, 0, 0
100, 0, 1, 00, 0, 1
38, 6.13663, 2, 1, 1, 0
100, 0, 1, 00, 0, 2
58482, 13.2799, 2, 1, 1, 0
93065, 13.7384, 3, 1, 1, 0
100, 0, 1, 00, 0, 0
100, 0, 1, 00, 0, 2
3628, 10.5016, 2, 1, 1, 0
16, 4.90919, 3, 1, 1, 0
100, 0, 1, 00, 0, 1
2259, 10.0164, 2, 1, 1, 0
100, 0, 1, 00, 0, 4
38, 5.95439, 2, 1, 1, 0
48107, 13.0806, 3, 1, 1, 0
27988, 12.5273, 4, 1, 1, 0
130, 7.0707, 5, 1, 1, 0
100, 0, 1, 00, 0, 0
100, 0, 1, 00, 0, 3
31684, 12.6509, 2, 1, 1, 0
12761, 11.7436, 3, 1, 1, 0
5201, 10.8452, 4, 1, 1, 0
100, 0, 1, 00, 0, 2
4, 2.70033, 2, 1, 1, 0
79, 6.53191, 3, 1, 1, 0
100, 0, 1, 00, 0, 1
16983, 12.0357, 2, 1, 1, 0
100, 0, 1, 00, 0, 2
17833, 12.0893, 2, 1, 1, 0
568, 8.62381, 3, 1, 1, 0
100, 0, 1, 00, 0, 1
49468, 13.1078, 2, 1, 1, 0
100, 0, 1, 00, 0, 1
26170, 12.4641, 2, 1, 1, 0
100, 0, 1, 00, 0, 2
99805, 14.1408, 2, 1, 1, 0
102, 6.75315, 3, 1, 1, 0
100, 0, 1, 00, 0, 2
2, 1.2992, 2, 1, 1, 0
2, 3.14982, 3, 1, 1, 0
100, 0, 1, 00, 0, 4
50559, 13.1289, 2, 1, 1, 0
34196, 12.7375, 3, 1, 1, 0
4, 3.30735, 4, 1, 1, 0
25250, 12.4298, 5, 1, 1, 0
100, 0, 1, 00, 0, 2
9629, 11.4713, 2, 1, 1, 0
44997, 13.0118, 3, 1, 1, 0
100, 0, 1, 00, 0, 3
5, 4.6419, 2, 1, 1, 0
100036, 14.4276, 3, 1, 1, 0
99873, 13.9138, 4, 1, 1, 0
100, 0, 1, 00, 0, 0
100, 0, 1, 00, 0, 2
381, 8.34053, 2, 1, 1, 0
99805, 14.5665, 3, 1, 1, 0
100, 0, 1, 00, 0, 1
1, 0.318064, 2, 1, 1, 0
100, 0, 1, 00, 0, 0
100, 0, 1, 00, 0, 3
25, 5.75509, 2, 1, 1, 0
4, 3.22563, 3, 1, 1, 0
100152, 14.8859, 4, 1, 1, 0
100, 0, 1, 00, 0, 1
136, 7.10697, 2, 1, 1, 0
100, 0, 1, 00, 0, 1
10420, 11.5284, 2, 1, 1, 0
100, 0, 1, 00, 0, 2
105, 6.97466, 2, 1, 1, 0
100082, 14.3238, 3, 1, 1, 0
100, 0, 1, 00, 0, 2
44083, 13.0008, 2, 1, 1, 0
37, 6.05386, 3, 1, 1, 0
100, 0, 1, 00, 0, 2
3159, 10.37, 2, 1, 1, 0
99833, 14.469, 3, 1, 1, 0
100, 0, 1, 00, 0, 5
3834, 10.5376, 2, 1, 1, 0
6310, 11.0393, 3, 1, 1, 0
924, 9.09695, 4, 1, 1, 0
1146, 9.33059, 5, 1, 1, 0
2884, 10.2913, 6, 1, 1, 0
100, 0, 1, 00, 0, 3
99840, 13.9136, 2, 1, 1, 0
77521, 13.5514, 3, 1, 1, 0
394, 8.31262, 4, 1, 1, 0
100, 0, 1, 00, 0, 2
256, 7.74483, 2, 1, 1, 0
3003, 10.3129, 3, 1, 1, 0
100, 0, 1, 00, 0, 1
3, 3.10098, 2, 1, 1, 0
100, 0, 1, 00, 0, 1
18, 5.1451, 2, 1, 1, 0
100, 0, 1, 00, 0, 1
17, 5.24229, 2, 1, 1, 0
100, 0, 1, 00, 0, 2
4122, 10.6027, 2, 1, 1, 0
73, 6.37887, 3, 1, 1, 0
100, 0, 1, 00, 0, 1
19047, 12.1439, 2, 1, 1, 0
100, 0, 1, 00, 0, 0
100, 0, 1, 00, 0, 4
71, 6.52328, 2, 1, 1, 0
106, 6.70967, 3, 1, 1, 0
100081, 13.9333, 4, 1, 1, 0
38979, 12.8699, 5, 1, 1, 0
100, 0, 1, 00, 0, 2
16, 5.27216, 2, 1, 1, 0
7, 3.52351, 3, 1, 1, 0
100, 0, 1, 00, 0, 5
2, 3.00266, 2, 1, 1, 0
36, 5.84224, 3, 1, 1, 0
5863, 10.9721, 4, 1, 1, 0
37017, 12.8123, 5, 1, 1, 0
95348, 13.76, 6, 1, 1, 0
100, 0, 1, 00, 0, 2
32, 5.43147, 2, 1, 1, 0
285, 8.04552, 3, 1, 1, 0
100, 0, 1, 00, 0, 3
22895, 12.3308, 2, 1, 1, 0
563, 8.61289, 3, 1, 1, 0
99657, 14.3785, 4, 1, 1, 0
